file name				Accuracy	precision	Recall	F1 Score
0001.jpg	0.63	0.91	0.82	0.88
0002.jpg	0.59	0.31	0.68	0.79
0003.jpg	0.75	0.88	0.82	0.89
0004.jpg	0.65	0.9	0.78	0.86
0005.jpg	0.41	0.92	0.89	0.92
0007.jpg	0.56	0.9	0.89	0.91
0008.jpg	0.84	0.83	0.82	0.86
0009.jpg	0.66	0.88	0.88	0.91
0010.jpg	0.62	0.76	0.9	0.91
0011.jpg	0.6	0.73	0.86	0.9
0012.jpg	0.48	0.31	0.9	0.5
0013.jpg	0.46	0.8	0.89	0.92
0014.jpg	0.66	0.89	0.88	0.91
0016.jpg	0.59	0.37	0.85	0.65
0017.jpg	0.58	0.82	0.86	0.89
0019.jpg	0.51	0.89	0.92	0.92
0020.jpg	0.58	0.91	0.88	0.92
0021.jpg	0.69	0.93	0.88	0.92
0025.jpg	0.64	0.89	0.79	0.86
0026.jpg	0.66	0.87	0.82	0.87
0027.jpg	0.73	0.86	0.85	0.89
0028.jpg	0.7	0.75	0.81	0.86
0030.jpg	0.49	0.8	0.88	0.91
0031.jpg	0.58	0.89	0.81	0.88
0032.jpg	0.67	0.2	0.9	0.35
0033.jpg	0.83	0.74	0.89	0.93
0035.jpg	0.61	0.78	0.87	0.86
0036.jpg	0.53	0.84	0.87	0.91
0038.jpg	0.62	0.89	0.88	0.91
0040.jpg	0.5	0.65	0.86	0.9
0043.jpg	0.46	0.34	0.58	0.7
0053.jpg	0.51	0.9	0.81	0.87
0054.jpg	0.57	0.06	0.86	0.11
0055.jpg	0.58	0.84	0.84	0.87
0056.jpg	0.54	0.88	0.83	0.88
0060.jpg	0.52	0.88	0.82	0.87
0063.jpg	0.61	0.78	0.88	0.89
0064.jpg	0.79	0.88	0.86	0.91
0076.jpg	0.48	0.88	0.87	0.91
0079.jpg	0.55	0.74	0.84	0.77
0084.jpg	0.57	0.89	0.88	0.91
com.elevenst_0001.jpg	0.57	0.21	0.68	0.3
com.elevenst_0002.jpg	0.42	0.22	0.72	0.29
com.elevenst_0003.jpg	0.62	0.18	0.55	0.26
com.elevenst_0004.jpg	0.56	0.22	0.62	0.28
com.elevenst_0005.jpg	0.63	0.13	0.73	0.11
com.elevenst_0006.jpg	0.46	0.17	0.54	0.27
com.elevenst_0007.jpg	0.63	0.06	0.32	0.1
com.elevenst_0008.jpg	0.58	0.11	0.48	0.14
com.elevenst_0009.jpg	0.47	0.12	0.56	0.19
com.elevenst_0010.jpg	0.5	0.27	0.63	0.36
com.elevenst_0011.jpg	0.59	0.64	0.68	0.67
com.elevenst_0013.jpg	0.42	0.24	0.72	0.34
com.elevenst_0016.jpg	0.52	0.32	0.81	0.44
com.elevenst_0017.jpg	0.63	0.32	0.63	0.44
com.elevenst_0018.jpg	0.61	0.22	0.87	0.27
com.elevenst_0019.jpg	0.67	0.13	0.49	0.21
com.elevenst_0020.jpg	0.5	0.3	0.83	0.43
com.elevenst_0021.jpg	0.62	0.25	0.71	0.34
com.elevenst_0024.jpg	0.64	0.52	0.76	0.62
com.elevenst_0025.jpg	0.54	0.24	0.61	0.28
com.elevenst_0026.jpg	0.57	0.21	0.68	0.3
com.elevenst_0028.jpg	0.69	0.29	0.76	0.43
com.elevenst_0031.jpg	0.39	0.08	0.26	0.09
com.elevenst_0033.jpg	0.5	0.35	0.82	0.47
com.elevenst_0035.jpg	0.54	0.25	0.61	0.28
com.elevenst_0036.jpg	0.59	0.34	0.79	0.49
com.elevenst_0038.jpg	0.6	0.13	0.45	0.18
com.elevenst_0040.jpg	0.57	0.11	0.48	0.14
com.elevenst_0041.jpg	0.63	0.24	0.73	0.38
com.elevenst_0042.jpg	0.49	0.17	0.57	0.19
com.elevenst_0045.jpg	0.56	0.42	0.63	0.48
com.elevenst_0046.jpg	0.67	0.3	0.62	0.42
dump_1462445454302363929.jpg	0.13	0.04	0.87	0.13
dump_1827829970015668336.jpg	0.1	0.04	0.91	0.22
dump_1922973581244384764.jpg	0.3	0.02	0.81	0.11
dump_3138757642900693672.jpg	0.29	0.04	0.89	0.3
dump_3314866518188275476.jpg	0.22	0.05	0.86	0.28
dump_3407013469587454125.jpg	0.38	0.07	0.98	0.25
dump_3436073577103516263.jpg	0.63	0.01	0.08	0.04
dump_3489327284044815766.jpg	0.1	0.05	0.93	0.25
dump_3672912528005585195.jpg	0.26	0.05	0.81	0.35
dump_3706909495955792877.jpg	0.34	0.06	0.91	0.2
dump_3708637278803640160.jpg	0.26	0.05	0.73	0.21
dump_4164076274204336521.jpg	0.23	0.02	0.98	0.14
dump_4362124152980794504.jpg	0.31	0.03	0.82	0.09
dump_4484146123242901224.jpg	0.23	0.05	0.87	0.25
dump_4632467908176644582.jpg	0.62	0.01	0.67	0.04
dump_4832470603357950460.jpg	0.26	0.04	0.93	0.2
dump_5113121070986705593.jpg	0.16	0.03	0.96	0.08
dump_5406745673498252225.jpg	0.14	0.04	0.98	0.08
dump_5771054384704562830.jpg	0.23	0.03	0.78	0.12
dump_5948700894119230392.jpg	0.25	0.06	0.76	0.23
dump_6347854692896641824.jpg	0.17	0.01	0.67	0.03
dump_6473761479128013932.jpg	0.22	0.03	0.82	0.07
dump_8359888791833144945.jpg	0.5	0.02	0.59	0.12
dump_8433717815196104058.jpg	0.47	0.03	0.93	0.18
dump_8447696586049286150.jpg	0.61	0.03	1.0	0.2
dump_8777574633712587362.jpg	0.23	0.03	0.87	0.19
dump_900263129377695870.jpg	0.25	0.04	0.95	0.24
