file name				Accuracy	precision	Recall	F1 Score
0001.jpg	0.59	0.78	0.5	0.61
0002.jpg	0.35	0.78	0.16	0.27
0003.jpg	0.74	0.82	0.56	0.67
0004.jpg	0.64	0.79	0.43	0.56
0005.jpg	0.43	0.65	0.9	0.76
0007.jpg	0.56	0.66	0.67	0.67
0008.jpg	0.69	0.83	0.14	0.23
0009.jpg	0.65	0.47	0.52	0.5
0010.jpg	0.49	0.68	0.34	0.46
0011.jpg	0.51	0.76	0.63	0.69
0012.jpg	0.47	0.77	0.69	0.73
0013.jpg	0.1	0.98	0.22	0.35
0014.jpg	0.51	0.83	0.43	0.57
0016.jpg	0.58	0.15	0.32	0.2
0017.jpg	0.46	0.82	0.49	0.62
0019.jpg	0.51	0.6	0.5	0.54
0020.jpg	0.59	0.67	0.75	0.71
0021.jpg	0.69	0.68	0.76	0.72
0025.jpg	0.73	0.72	0.63	0.67
0026.jpg	0.62	0.79	0.48	0.6
0027.jpg	0.73	0.41	0.41	0.41
0028.jpg	0.71	0.45	0.34	0.38
0030.jpg	0.5	0.31	0.8	0.45
0031.jpg	0.52	0.82	0.77	0.79
0032.jpg	0.65	0.47	0.49	0.48
0033.jpg	0.81	0.39	0.62	0.48
0035.jpg	0.55	0.81	0.35	0.49
0036.jpg	0.5	0.8	0.69	0.74
0038.jpg	0.56	0.78	0.5	0.61
0040.jpg	0.3	0.39	0.24	0.29
0043.jpg	0.62	0.75	0.79	0.77
0053.jpg	0.53	0.72	0.54	0.61
0054.jpg	0.45	0.89	0.56	0.68
0055.jpg	0.58	0.73	0.54	0.62
0056.jpg	0.59	0.17	0.4	0.24
0060.jpg	0.58	0.18	0.4	0.25
0063.jpg	0.61	0.08	0.28	0.13
0064.jpg	0.79	0.77	0.6	0.68
0076.jpg	0.49	0.76	0.87	0.81
0079.jpg	0.55	0.06	0.55	0.11
0084.jpg	0.56	0.68	0.79	0.73
com.elevenst_0001.jpg	0.41	0.57	0.29	0.38
com.elevenst_0002.jpg	0.37	0.87	0.58	0.7
com.elevenst_0003.jpg	0.59	0.61	0.4	0.48
com.elevenst_0004.jpg	0.56	0.31	0.37	0.34
com.elevenst_0005.jpg	0.65	0.09	0.35	0.14
com.elevenst_0006.jpg	0.41	0.64	0.4	0.5
com.elevenst_0007.jpg	0.59	0.68	0.45	0.54
com.elevenst_0008.jpg	0.47	0.82	0.4	0.54
com.elevenst_0009.jpg	0.45	0.81	0.46	0.59
com.elevenst_0010.jpg	0.54	0.29	0.63	0.4
com.elevenst_0011.jpg	0.59	0.5	0.5	0.5
com.elevenst_0013.jpg	0.42	0.73	0.42	0.53
com.elevenst_0016.jpg	0.51	0.68	0.36	0.47
com.elevenst_0017.jpg	0.62	0.76	0.5	0.6
com.elevenst_0018.jpg	0.61	0.66	0.81	0.73
com.elevenst_0019.jpg	0.51	0.75	0.3	0.42
com.elevenst_0020.jpg	0.51	0.16	0.74	0.27
com.elevenst_0021.jpg	0.62	0.39	0.42	0.41
com.elevenst_0024.jpg	0.66	0.46	0.75	0.57
com.elevenst_0025.jpg	0.52	0.77	0.68	0.72
com.elevenst_0026.jpg	0.41	0.57	0.29	0.38
com.elevenst_0028.jpg	0.69	0.68	0.78	0.73
com.elevenst_0031.jpg	0.44	0.6	0.75	0.67
com.elevenst_0033.jpg	0.31	0.72	0.16	0.26
com.elevenst_0035.jpg	0.52	0.77	0.68	0.72
com.elevenst_0036.jpg	0.5	0.72	0.47	0.56
com.elevenst_0038.jpg	0.34	0.69	0.29	0.41
com.elevenst_0040.jpg	0.5	0.82	0.42	0.55
com.elevenst_0041.jpg	0.62	0.76	0.54	0.63
com.elevenst_0042.jpg	0.51	0.0	0.11	0.01
com.elevenst_0045.jpg	0.59	0.69	0.29	0.41
com.elevenst_0046.jpg	0.64	0.63	0.51	0.56
dump_1462445454302363929.jpg	0.03	0.46	0.24	0.31
dump_1827829970015668336.jpg	0.01	0.45	0.29	0.35
dump_1922973581244384764.jpg	0.3	0.0	0.0	0.0
dump_3138757642900693672.jpg	0.3	0.0	0.0	0.0
dump_3314866518188275476.jpg	0.22	0.0	0.0	0.0
dump_3407013469587454125.jpg	0.38	0.0	0.0	0.0
dump_3436073577103516263.jpg	0.63	0.27	0.78	0.4
dump_3489327284044815766.jpg	0.02	0.24	0.29	0.26
dump_3672912528005585195.jpg	0.04	0.63	0.16	0.26
dump_3706909495955792877.jpg	0.31	0.0	0.0	0.0
dump_3708637278803640160.jpg	0.18	0.34	0.38	0.36
dump_4164076274204336521.jpg	0.23	0.27	0.32	0.29
dump_4362124152980794504.jpg	0.32	0.0	0.0	0.0
dump_4484146123242901224.jpg	0.24	0.07	0.08	0.07
dump_4632467908176644582.jpg	0.64	0.0	0.0	0.0
dump_4832470603357950460.jpg	0.11	0.2	0.26	0.23
dump_5113121070986705593.jpg	0.08	0.44	0.23	0.3
dump_5406745673498252225.jpg	0.02	0.29	0.27	0.28
dump_5771054384704562830.jpg	0.21	0.57	0.46	0.51
dump_5948700894119230392.jpg	0.27	0.45	0.37	0.41
dump_6347854692896641824.jpg	0.18	0.31	0.29	0.3
dump_6473761479128013932.jpg	0.12	0.27	0.18	0.22
dump_8359888791833144945.jpg	0.5	0.0	0.0	0.0
dump_8433717815196104058.jpg	0.49	0.0	0.0	0.0
dump_8447696586049286150.jpg	0.61	0.29	1.0	0.44
dump_8777574633712587362.jpg	0.14	0.28	0.24	0.26
dump_900263129377695870.jpg	0.27	0.04	0.91	0.08
